=== UNIQUE RIDS FROM FOLDER, REPORT SPECIES, AND SECTION PERMISSIONS ===

Total Unique RIDs: 178

RIDs (sorted numerically):
--------------------------------------------------
1120
1129
4590
10081
10238
11625
13134
13135
13434
14687
16410
16419
16421
17125
18489
20623
20657
22863
32972
35442
35522
35594
36836
36840
36920
36947
36974
36975
36986
37004
37008
37011
38123
38124
38125
38126
42280
47279
49747
49863
51648
51927
52014
52058
54102
54431
54679
54923
54924
56608
56817
56819
57384
57456
58268
58900
58940
58949
59055
59056
61364
61365
63289
64146
64384
65657
65751
67294
67356
67444
67561
70093
70940
72123
72486
72514
72761
72762
72763
72764
72765
72766
72767
72768
72769
72770
72771
72772
72773
72774
72775
72776
73700
73808
73809
73810
73811
73859
73860
73861
73862
73863
73864
73865
73866
73867
73868
73869
73870
73874
73875
73876
73877
76826
76827
76828
77220
77276
77660
79442
79443
79444
79445
83643
83644
83645
83646
83650
83651
84088
84089
84090
84091
84107
84108
84109
86579
89044
89409
90705
90707
94564
94582
94585
94595
96466
96467
96468
96469
96470
96471
96473
96475
100607
100608
100609
100647
104525
104526
112026
119673
120639
130350
157378
167613
168545
186480
188471
195030
240538
270951
317644
317756
332521
386946
386947
386948
489744
